98(10) = 1100010(2)
56(10) = 111000(2)
31(10) = 11111(2)
2(10) = 10(2)
1000(10) = 1111101000(2)
45(10) = 101101(2)

10(2) = 2(10)
11101(2) = 29(10)
1111(2) = 15(10)
11110(2) = 30(10)
1001(2) = 9(10)
11011(2) = 27(10)
1110111(2) = 119(10)
1010101010(2) = 682(10)

48(10) = 30(16)
156(10) = 9C(16)
321(10) = 141(16)
255(10) = FF(15)
1024(10) = 400(16)
100(10) = 64(16)
2020(10) = 7E4(16)
A(16) = 10(10)
100(16) = 256(10)
3E(16) = 62(10)
1EA(16) = 480(10)
ABC(16) = 2748(10)
14C(16) = 332(10)

110(2) = 6(16)
1100101(2) = 65(16)
110011(2) = 33(16)
101110110(2) = 176(16)
1011(2) = B(16)
11001011 = CB(16)

8(10) = 10(8)
56(10) = 70(8)
31(10) = 37(8)
7(10) = 7(8)
2(10) = 2(8)
1000(10) = 1750(8)
111(10) = 157(8)
45(10) = 55(8)

25(8) = 21(10)
621(8) = 401(10)
45(8) = 37(10)
10(8) = 8(10)
24(8) = 20(10)

120(3) = 33(4)
10(3) = 3(4)
21(3) = 13(4)
2110(3) = 1002(4)
112(3) = 32(4)
100(3) = 21(4)
11001(3) = 1231(4)
